0 0
0.01 5.00099e-07
0.02 1.0002e-06
0.03 1.5003e-06
0.04 2.0004e-06
0.05 2.5005e-06
0.06 3.00059e-06
0.07 3.50069e-06
0.08 4.00079e-06
0.09 4.50089e-06
0.1 5.00099e-06
0.11 5.50109e-06
0.12 6.00119e-06
0.13 6.50129e-06
0.14 7.00139e-06
0.15 7.50149e-06
0.16 8.00158e-06
0.17 8.50168e-06
0.18 9.00178e-06
0.19 9.50188e-06
0.2 1.0002e-05
0.21 1.05021e-05
0.22 1.10022e-05
0.23 1.15023e-05
0.24 1.20024e-05
0.25 1.25025e-05
0.26 1.30026e-05
0.27 1.35027e-05
0.28 1.40028e-05
0.29 1.45029e-05
0.3 1.5003e-05
0.31 1.55031e-05
0.32 1.60032e-05
0.33 1.65033e-05
0.34 1.70034e-05
0.35 1.75035e-05
0.36 1.80036e-05
0.37 1.85037e-05
0.38 1.90038e-05
0.39 1.95039e-05
0.4 2.0004e-05
0.41 2.05041e-05
0.42 2.10042e-05
0.43 2.15043e-05
0.44 2.20044e-05
0.45 2.25045e-05
0.46 2.30046e-05
0.47 2.35047e-05
0.48 2.40048e-05
0.49 2.45049e-05
0.5 2.5005e-05
0.51 2.55051e-05
0.52 2.60051e-05
0.53 2.65052e-05
0.54 2.70053e-05
0.55 2.75054e-05
0.56 2.80055e-05
0.57 2.85056e-05
0.58 2.90057e-05
0.59 2.95058e-05
0.6 3.00059e-05
0.61 3.0506e-05
0.62 3.10061e-05
0.63 3.15062e-05
0.64 3.20063e-05
0.65 3.25064e-05
0.66 3.30065e-05
0.67 3.35066e-05
0.68 3.40067e-05
0.69 3.45068e-05
0.7 3.50069e-05
0.71 3.5507e-05
0.72 3.60071e-05
0.73 3.65072e-05
0.74 3.70073e-05
0.75 3.75074e-05
0.76 3.80075e-05
0.77 3.85076e-05
0.78 3.90077e-05
0.79 3.95078e-05
0.8 4.00079e-05
0.81 4.0508e-05
0.82 4.10081e-05
0.83 4.15082e-05
0.84 4.20083e-05
0.85 4.25084e-05
0.86 4.30085e-05
0.87 4.35086e-05
0.88 4.40087e-05
0.89 4.45088e-05
0.9 4.50089e-05
0.91 4.5509e-05
0.92 4.60091e-05
0.93 4.65092e-05
0.94 4.70093e-05
0.95 4.75094e-05
0.96 4.80095e-05
0.97 4.85096e-05
0.98 4.90097e-05
0.99 4.95098e-05
1 5e-05
