0.1 0.1 0.1 0.1 0.1 0.1 0.1 0.1 0.1 0.1 0.1 
0.1 0.1 0.1 0.1 0.1 0.1 0.1 0.1 0.1 0.1 0.1 
0 1.2987e-07 2.5974e-07 3.8961e-07 5.19481e-07 6.49351e-07 7.79221e-07 9.09091e-07 1.03896e-06 1.16883e-06 1.2987e-06 
0 1.30325e-07 2.60651e-07 3.90976e-07 5.21302e-07 6.51627e-07 7.81953e-07 9.12278e-07 1.0426e-06 1.17293e-06 1.30325e-06 
0 1.30735e-07 2.61469e-07 3.92204e-07 5.22938e-07 6.53673e-07 7.84407e-07 9.15142e-07 1.04588e-06 1.17661e-06 1.30735e-06 
0 1.31105e-07 2.6221e-07 3.93315e-07 5.2442e-07 6.55525e-07 7.86629e-07 9.17734e-07 1.04884e-06 1.17994e-06 1.31105e-06 
0 1.31442e-07 2.62885e-07 3.94327e-07 5.25769e-07 6.57212e-07 7.88654e-07 9.20096e-07 1.05154e-06 1.18298e-06 1.31442e-06 
0 1.31752e-07 2.63503e-07 3.95255e-07 5.27006e-07 6.58758e-07 7.90509e-07 9.22261e-07 1.05401e-06 1.18576e-06 1.31752e-06 
0 1.32036e-07 2.64073e-07 3.96109e-07 5.28145e-07 6.60181e-07 7.92218e-07 9.24254e-07 1.05629e-06 1.18833e-06 1.32036e-06 
0 1.323e-07 2.64599e-07 3.96899e-07 5.29199e-07 6.61498e-07 7.93798e-07 9.26097e-07 1.0584e-06 1.1907e-06 1.323e-06 
0 1.32544e-07 2.65089e-07 3.97633e-07 5.30177e-07 6.62721e-07 7.95266e-07 9.2781e-07 1.06035e-06 1.1929e-06 1.32544e-06 
0 1.32772e-07 2.65545e-07 3.98317e-07 5.31089e-07 6.63861e-07 7.96634e-07 9.29406e-07 1.06218e-06 1.19495e-06 1.32772e-06 
0 1.32772e-07 2.65545e-07 3.98317e-07 5.31089e-07 6.63861e-07 7.96634e-07 9.29406e-07 1.06218e-06 1.19495e-06 1.32772e-06 
